379194
249323
129871
194260
agent
1905
266
2171
agent
3519
199
3718
summarize
1612
4757
6369
agent
6218
212
6430
summarize
3126
7806
10932
agent
7531
158
7689
summarize
3412
12906
16318
agent
8053
268
8321
agent
8518
155
8673
agent
8913
107
9020
summarize
3960
11380
15340
agent
8785
102
8887
summarize
4347
8762
13109
agent
9158
143
9301
summarize
4495
8845
13340
agent
9464
170
9634
summarize
4505
11348
15853
agent
9410
116
9526
summarize
4970
15133
20103
agent
8330
78
8408
summarize
5054
7679
12733
agent
7981
224
8205
summarize
4696
5268
9964
agent
10007
110
10117
summarize
5869
6271
12140
agent
20042
345
20387
summarize
6422
7232
13654
agent
21104
108
21212
summarize
7666
7371
15037
agent
21068
482
21550
summarize
7812
11556
19368
finalize
11371
314
11685